c(-6.38143767517363e-06, -4.9514448944521e-05, 3.877446830991e-05, 
9.99669464967212e-05, 9.30986605691686e-05, 0.000111505984003557, 
-2.81610373296104e-05, 5.71984213397769e-05, -0.000158876931086738, 
-0.000204246711284384, -0.000143038384281979, -6.07231488007898e-05, 
-9.29944701013596e-05, 4.14727946491666e-05, -6.51836860985355e-05, 
-7.87881748802732e-05, 0.000438463579083503, 0.000140210890153369, 
-1.60469598231572e-05, -0.000126085262900588, -1.60121692491799e-05, 
0.0002088846691084, 2.88465699043172e-05, -9.07416882025558e-05, 
6.40736077706094e-06, -0.000156027539176762, -0.000165878223855387, 
0.00012834046175314, -0.000383329982547309, -3.5572745458623e-05, 
6.43028923441591e-06, -5.56381541887419e-05, -0.000430130144893681, 
-9.23227284879147e-05, -1.27174282820164e-05, -6.50091500453698e-06, 
-0.000694668292547718, -3.08343624233487e-06, 1.24957826734828e-05, 
0.000195930743926098, 9.01185058967968e-05, -0.000255511236787243, 
6.78738516253219e-05, 0.000131023275994124, 0, 4.77978723658623e-05, 
-0.000188267067128933, 4.51633299647369e-05, 4.76257757142662e-05, 
-8.62830692387462e-05, 1.93965099217763e-05, 7.47686641631162e-05, 
3.09535711906506e-06, -7.42904855215443e-05, -9.53247954171843e-06, 
0.000290887467386369, 0.00023474820147662, -0.00028012274652589, 
-3.82151000657416e-05, 0, 6.34940791854888e-06, -0.000208538865180685, 
5.45591381069244e-05, 6.34179751912711e-06, -0.000117133737578712, 
-6.86410323886832e-05, -0.000105394656587876, -0.000136541850290328, 
5.73875284306524e-05, 0.00013781101644561, -2.24876117371764e-05, 
-1.93785305260263e-05, -6.20850005716989e-06, 3.239181135406e-05, 
-4.13377532986203e-05, -0.000128770148682733, 0.000157137153800946, 
-3.24391482031672e-06, 0.000473929042867027, -0.000117482353306997, 
3.41136574064649e-05, 9.46662119041264e-05, 7.49840659199918e-05, 
0.000389607864617503, -0.000118635072412943, 4.85520955990637e-05, 
-9.67255188477623e-05, 0.000556002742616357, 5.86071547168387e-05, 
9.46776934540594e-06, -4.49582530581694e-05, 2.24991763690952e-05, 
1.93149004807935e-05, -1.91691453448328e-05, 0.000139961129205446, 
-3.26784570567895e-05, 0.000225241557094691, -0.000104519829466909, 
-8.87823501276586e-05, 0.000150255904870278, -7.3839713277124e-05, 
3.88329406941779e-05, 2.59168910119456e-05, 0.000255234324262332, 
3.18001424677306e-05, 3.88026786843909e-05, 9.69908586156976e-06, 
-0.000103637347105945, 0.000142850113968862, -0.000141969943623366, 
-0.000370752393937579, -0.000422055804618182, -0.000110992894981621, 
-0.000293154213959923, -0.000410431274309175, 0.000272656558678364, 
9.72863592334505e-05, -5.56694718039097e-05, 7.69692091466823e-05, 
-1.55030827890812e-05, -6.41753784691446e-06, -1.91040213977089e-05, 
0.000197386045448056, -1.26877388861857e-05, -0.000145734400863518, 
2.86320102720339e-05, -0.000384546451757117, 0.000383150866380078, 
-0.000111696483539703, 2.16636775949297e-05, 0.000130032206941522, 
4.16192447438846e-05, 5.94909143458722e-05, -0.00011046428148731, 
-0.000195560771132364, -9.30628094408803e-05, -0.000400828815907417, 
-0.000123272962179399, 3.86606656768151e-05, -6.47878198911656e-06, 
8.72286019912849e-05, 4.50370751714502e-05, 0, 0.000405368100528491, 
7.63154882648109e-05, -0.000102583830313918, 0.000121159947219951, 
-0.000116709190010056, -6.1554909427386e-05, -1.93792190188447e-05, 
0.000206982423403446, -2.24189754209903e-05, 7.47064928408037e-05, 
-1.24097962928005e-05, -2.48052016527112e-05, 9.87306739492766e-05, 
6.40826409714634e-06, -9.32057807538911e-05, -4.90345906456469e-05, 
-3.12870556093969e-05, -0.000284379958817027, 7.82275514712438e-05, 
6.77876275521072e-05, 8.921288749697e-05, -5.36488305478144e-05, 
-0.00114542220685365, 0.00016642556335178, 0, 6.48401204959015e-05, 
-5.70910221355803e-05, 3.74617188114712e-05, -0.000292143743219953, 
0.00015302999417699, 6.53485856894065e-06, 0.000142504583058312, 
-3.5651490478017e-05, 3.25474745643817e-06, -0.000173724899163119, 
0.000314588565695217, 1.62643675363228e-05, 0.000120801140250038, 
0.000299167536050859, -0.000138938477942219, -3.17569702623643e-06, 
0, 8.74877882193204e-05, -0.000139592034392066, 0.000341024799055845, 
0, 6.3496498174942e-06, -6.74240636744372e-05, -6.20611115955683e-05, 
9.08996468531598e-05, -9.3917290241663e-05, 0.000148183464284912, 
-0.000125138976622807, 5.89954930720893e-05, -4.22053941804279e-05, 
6.86136610053012e-05, 7.40439080715305e-05, -3.23271507696177e-06, 
-0.000160819795334888, 0.00015573922927814, 6.19982020566567e-06, 
-9.56137205676555e-06, 3.18798258103214e-05, 1.9060810339866e-05, 
6.82104976217346e-05, -8.45264873650109e-05, -0.000130258595264721, 
-0.000193946978006565, -4.12869458674692e-05, 0.000288625279805999, 
4.03367810992705e-05, 4.16264411224887e-05, -6.19924369260616e-06, 
2.24648064754973e-05, -5.08180111840062e-05, -6.35392641097354e-05, 
9.72212544958495e-06, 7.14118777747075e-05, 0.000559313965908359, 
5.16931109348917e-05, -1.60504626549596e-05, 3.70222966825651e-05, 
0.000288009418646595, -7.43301000074581e-05, 0.000192313856805626, 
5.55765329863789e-05, 0, 1.85500650804471e-05, -0.000140896004891644, 
-0.000205727127429611, 0, -0.000498956226138603, -3.85678472767381e-05, 
0.000157615819809109, -2.20863038116192e-05, 3.09245194340946e-05, 
4.78274386122024e-05, -0.000156212899755204, 0.000192497722705909, 
-2.48353108460719e-05, -0.000225601369605144, 9.68043277893571e-06, 
0, 0.000108268531537448, 0, -6.09158864008918e-05, -0.000102755121790921, 
0.000266011965848634, -2.19153036145059e-05, -0.000283501671136221, 
-0.00030102777446217, 4.10368431982278e-05, -0.000177911070348813, 
0.000216778669827278, -5.31992295620398e-05, 3.10289670935049e-06, 
0.00029317529998707, -0.000132533177936267, 0.000103711578193, 
-3.44451281328872e-05, 0, 7.14394729364187e-05, 0.000247220357001865, 
0.000106576926842905, 0.000174097414161523, -7.48611407566102e-05, 
-1.23959514830574e-05, -0.000118952963633845, -0.000116913104468708, 
9.71554503337302e-06, 0.000116869077549708, 0.000123480860622749, 
-5.45318361790947e-05, 0, 4.65420064958977e-05, -8.89617528585518e-05, 
-0.000111745716528944, 0.000197747943335713, -0.000317870590816227, 
-6.98658892783754e-05, -0.000359993189730901, -1.87833992324471e-05, 
-6.46322586295156e-05, 0.000286129933876111, 1.94757137848001e-05, 
-6.82335472124151e-05, -4.38006445016015e-05, -0.000498624060421449, 
0.00011684954686686, 8.28716955396658e-05, 9.35939613100345e-06, 
-0.000598493596793759, -4.05913218930465e-05, -2.27229568423581e-05, 
6.20539869622405e-06, 1.90246083313639e-05, 0.000133890011188242, 
0.00364973919549527, 9.2970212412169e-05, 0, 9.60837850527696e-06, 
8.49101585718159e-05, 0.000139727035699977, 3.50227568368666e-05, 
0.000100465870046307, 0, 4.07222880962621e-05, -2.59706531622328e-05, 
-0.000307798481905763, 9.25924497074959e-06, 6.18245666288431e-05, 
-6.34177741076769e-06, 0.000238133286831754, 0.000201466990315424, 
0.000266067804513881, -4.34434521476845e-05, 0.000249772529889114, 
-0.000756026937699161, 9.5697595607902e-06, -6.51784259648736e-05, 
8.5974803067046e-05, 6.73030544628972e-05, -3.39281555916671e-05, 
-7.79286563545867e-05, 1.55133282770947e-05, 0.000248815671433533, 
-8.05115381510291e-05, -3.18280774589397e-05, -0.000351637294597751, 
0.000152839957756612, -7.44405329040632e-05, -8.94851726869206e-05, 
3.23435139968353e-05, -5.17201809024925e-05, -0.000133652233978765, 
2.20686872136611e-05, -8.04459926264656e-05, -3.18450546998861e-06, 
-2.85759190763457e-05, -9.29899524315658e-06, 5.77569139998957e-05, 
0.00160093110088155, 4.46334636290402e-05, -3.92554548778179e-05, 
0.00017730384225878, -3.1229700697466e-05, -0.000104992063931775, 
-6.55570869803057e-05, -8.04560895222295e-05, 7.64808607023326e-05, 
0.000138049932557394, 0.000140485918151967, -6.20603412908594e-05, 
-6.47815243333127e-05, 0.00017582474876221, -0.000100508866749394, 
0, -0.000259879482353398, -6.21247278154158e-06, -4.16508473612964e-05, 
-1.94014648098317e-05, -0.000236927986360769, 0.000141280580256975, 
-3.12952313841208e-06, 0.000198917504434348, 8.44426861394965e-05, 
-0.000105425702884077, 0.000113171369058307, -9.38384133775116e-06, 
0.000128608679334619, 8.87823501276586e-05, 0.000167306459349703, 
1.91407097389629e-05, 2.50352841035806e-05, -3.25141924477634e-05, 
4.46754805079053e-05, 8.20046995464452e-05, 0, -0.000181753539512997, 
8.59745293038117e-05, -8.7629253204824e-05, 0.000120847606668306, 
-6.15489273680936e-05, 3.08301796714261e-06, -2.54885030930296e-05, 
-5.71989666209305e-05, -8.74302784552583e-05, 9.00700938935017e-05, 
-6.25400647500385e-05, 0, -9.25359000625292e-06, -0.000210680872738678, 
0.000281037694056963, 2.79310104058794e-05, 3.23382843276931e-05, 
4.85236674272471e-05, -1.94790648766485e-05, -3.85206775828095e-05, 
-2.19115306308026e-05, 7.19966067990185e-05, 0.000116581515030134, 
4.14406689230873e-05, -9.65592713750851e-05, -0.000144248106995093, 
0.000155208165502074, -1.28795440641483e-05, -8.77790439481885e-05, 
-4.99843798920097e-05, 0.000105315000359596, -1.58914044980918e-05, 
-2.57318293090947e-05, -1.92543434600623e-05, 0.00014993346730563, 
-0.00018595763425644, 8.28930966463304e-05, -6.93745881168439e-05, 
6.81965424629283e-05, 0.000142482432803348, 0.000165038663107353, 
8.04433045313857e-05, -0.000185089449791676, 5.95569278196706e-05, 
0.000106411279695351, -5.15178445059661e-05, 0, -3.10090499944238e-06, 
-7.18282912366419e-05, -0.000117890870420467, -0.000331256933792545, 
-0.000186291434859598, 0.00017008085299608, -9.06879654447579e-05, 
6.38023658137143e-05, -6.25925195887334e-05, -0.00026407742130452, 
0.000111398803054996, 0.000110450686248598, 0, -0.000117788067568014, 
0.000252759290249926, 0.000312418643520829, 0.000363040026019945, 
-3.10693125324946e-05, 7.11104515662697e-05, -0.000144603633659202, 
-6.68552409184286e-05, -0.000136793376928068, 0, 0.000107838255408055, 
-2.85706576192979e-05, 3.44590477752149e-05, 0.000100122246116996, 
-0.000109161543138114, 0.000145816237672847, -2.28718181638499e-05, 
-0.000267694956823661, 6.0997632346016e-05, -6.8178789605966e-05, 
0.000131391656818636, -3.20493816907685e-06, 0, -5.36593295556997e-05, 
-4.07004866893601e-05, 0.000161123482161685, -0.000108451912847585, 
3.09921837740035e-05, -0.0002409123845446, 8.68637831654695e-05, 
-0.000399129645181517, 0.000331725861073551, -8.64992319726809e-05, 
-2.93664195023524e-05, -0.000284555971953537, 4.03073903658679e-05, 
1.23992944800477e-05, -4.78765933014103e-05, 3.75603312861017e-05, 
-0.00013390423316828, 3.23571190552485e-05, -8.43292777705784e-05, 
3.12990025026494e-05, 0.000663030855223568, 9.51497419166003e-06, 
-6.20422445685165e-06, -6.44477312761182e-06, 4.1376829937434e-05, 
-0.000281602885475962, -0.000411902706682454, 3.89749585938404e-05, 
3.53084109470103e-05, 4.96381071855012e-05, -6.66989574575894e-05, 
9.31010565352608e-06, 2.58378738031695e-05, 0.000104009568973495, 
3.12970433711257e-05, -2.56147540991236e-05, 6.43074410362487e-05, 
-5.44168039215975e-05, 1.92922943362817e-05, 3.20164949005886e-05, 
-1.61953548474258e-05, -0.00179959148771403, 0.000124493844898765, 
-7.42025544582248e-05, 7.01693953288896e-05, -0.000116929433220392, 
-3.15831529107413e-06, 0.000198326579500474, 0.000171927434310604, 
0, 2.53199812636495e-05, 2.50252598714695e-05, 8.65288934939201e-05, 
0, -3.85386156978029e-05, -0.000189688349042427, -0.000116272685415808, 
6.52598811612393e-06, 6.50237336685677e-06, -5.13839958244944e-05, 
-0.000374768332997988, 0.00023262125487733, 1.91774166751202e-05, 
-5.76769641575936e-05, -7.51586092100354e-05, 4.34720505833042e-05, 
-0.000151941538360845, -1.23972961496577e-05, 4.02179814642523e-05, 
0.000291322811227346, 0.000105871199764351, 0, -2.48406318235084e-05, 
-0.000109307536863668, 6.78026696014911e-05, 0.000112552316846148, 
-5.70740059764319e-05, -1.56014272185701e-05, -1.59684973475294e-05, 
6.26350568619927e-05, 0.000108102608557203, 3.85182046702681e-05, 
-6.67137899235115e-05, 1.28067209672622e-05, -0.000100789900287168, 
6.99656532550108e-05, -5.76616287659704e-05, 4.15525968033847e-05, 
-2.53981960938177e-05, -0.000152822439725142, 1.59771718166724e-05, 
-8.0212917209721e-05, -5.2560548990499e-05, 6.37885282941397e-05, 
7.44559455849725e-05, 4.81143196342515e-05, -7.40244959729353e-05, 
-0.000102572869565165, -0.000345952360868651, -0.000445261305861422, 
-0.000101757867241759, 0, -8.02283422487449e-05, -9.84960292598203e-05, 
0.000114165642127517, 9.37102640907739e-05, 0.000219225436111969, 
0.000218585378757297, 0.000122857272334187, 0.000144032213366785, 
-7.00072871513413e-05, -0.000116719058935288, 2.26072268851851e-05, 
-7.76930348589389e-05, 6.0258063102836e-05, -2.85871742082833e-05, 
4.31401067473303e-05, -0.000240299451240489, 0.000139300899665074, 
-0.000136278683630309, 3.47846435317933e-05, 4.31869501440474e-05, 
0.000165131788245176, 2.22111871419628e-05, 5.45778802401031e-05, 
0.000269404329417355, -1.62475080376367e-05, 0.000106970072794255, 
-0.000109613924209384, 5.17280398408815e-05, -0.000115037052941247, 
-0.000106618935948433, 0, 7.81720253986151e-05, 5.12840237547607e-05, 
-1.27040992961014e-05, 4.85972406583102e-05, -8.01147243283395e-05, 
-0.000280378895679334, -3.20398319075821e-06, 0.00033835438794938, 
-0.000131997688622931, -4.78671208821169e-05, 6.42863571727048e-05, 
0.000125223837773802, -2.25071339574612e-05, -5.31762652560275e-05, 
0.000155103205983664, -0.000359152788096395, 0.000236462138817117, 
-4.81770603411036e-05, 3.10110213188608e-05, -0.000173772570759567, 
-0.00010556121318217, -0.00115275240244728, 0.000188992869954774, 
1.94522884005011e-05, 0, 5.78238941351117e-05, -0.00024171336728962, 
1.86184490207353e-05, -6.4421367280687e-06, 0.000181716704160451, 
4.06914414998738e-05, -6.02618854870229e-05, -9.38773211842658e-05, 
0.00016129344473903, 4.10378795461241e-05, 9.41853535980641e-05, 
0, -0.000129960849477584, 3.5574701216845e-05, -5.89446122472026e-05, 
4.20088638772853e-05, -9.5736991330142e-06, 6.50980112784083e-05, 
-0.000264276084074311, -8.01316724068357e-05, -6.37915801426914e-06, 
-0.000337418624610564, -0.000200850266800501, 0, -9.73434960709341e-05, 
2.60072950482026e-05, -4.24436438244413e-05, -0.00011007546655506, 
0.000173309669508015, 0.000194250504149451, 9.70371329511721e-05, 
-0.000117201114161247, -9.84522356599626e-05, 4.44020158578695e-05, 
-6.25682385049231e-05, -6.4596979445497e-06, -0.000791700964308362, 
0.00017375925079044, 8.41236099873299e-05, 0.000149470413882469, 
-5.15279652049117e-05, 2.5873137539989e-05, -0.000173756015962923, 
-0.000119608138021476, 1.91438243639652e-05, 8.35557619147664e-05, 
4.06104690728881e-05, 4.77695596519112e-05, -0.000155131959433064, 
5.18763009722534e-05, 0.00017003119953074, 7.43675925765075e-05, 
-0.000170640915047926, 0.000103785579085525, 0.000132046151932741, 
3.50506561677122e-05, 2.16769606424805e-05, 5.2780360750404e-05, 
-4.73641084344223e-05, -0.000155318694858408, -5.87952239889944e-05, 
3.54263317507986e-05, 1.30190533855767e-05, 6.25905607165578e-06, 
-0.000155279503417205, -3.12341876949063e-05, 2.86879563198283e-05, 
1.28635562592905e-05, -4.82784702260375e-05, 0.000357797050567044, 
-1.92459439176673e-05, 0.000188567383835547, 2.90973516570148e-05, 
0.000186952037676491, -3.90542365753532e-05, 7.51077326892613e-05, 
3.84559919304195e-05, -9.39503785524209e-06, 5.48621588389864e-05, 
-0.000106867534555022, 0.00018674918029582, 3.13061554173544e-05, 
-2.17191986866538e-05, 8.08065739690278e-05, 0.000163309033311521, 
-0.000222268485591925, 9.07581592990425e-05, -0.000180896666503116, 
1.2525285420395e-05, 2.87544988815114e-05, -0.000110577356082331, 
-6.72974467281762e-05, -0.000200939312220427, 9.53952703746097e-05, 
8.615504403231e-05, -0.000112239384277402, 0.000149290061129292, 
-1.61600752406343e-05, 1.23535715719214e-05, -9.66747122266298e-05, 
-0.000206805183792014, 0, 0.000136166460466214, 0.000118225007216921, 
7.93631898066138e-05, 0.000391072205111698, 0.000428276647300052, 
0.000140836034226766, -6.20316002226673e-05, 0.00024235061327893, 
-1.61700572576251e-05, 0.000838250041022448, -0.000366226357236599, 
0, -2.81592751196769e-05, -0.00011161579375063, -0.000112670414120331, 
-0.000333140072465099, -2.47550028316113e-05, 5.44410267711015e-05, 
6.42262820349515e-06, -0.000217141794445652, 0.000219729797860779, 
-0.000155255897610118, 6.57518806050916e-05, 0.000178223372683917, 
2.48055093035049e-05, 0.000188154689661602, 1.30028866411891e-05, 
7.10993905137514e-05, 0.00023214199456234, -0.000365596712418537, 
-8.93940165163087e-05, 2.58266130348517e-05, -5.40417679406602e-05, 
0.000189970522942673, 0.000375096203638847, 0.000278482981954653, 
1.5498277367243e-05, -0.000275934730645133, 3.17639809193082e-05, 
-3.49699814528037e-05, 6.78499283210954e-05, -0.000244467319797437, 
0.000436840196243793, 9.5248527234304e-06, -0.00173834148094443, 
0.000193903911837268, -0.000501190337518054, 4.78146322429041e-05, 
0, 0.000294902988670742, 8.66541393129694e-05, 3.89582562352331e-05, 
-0.000150543317522178, 3.85927786528129e-05, -3.75604488525028e-05, 
0.000103618889816914, 5.44436420373273e-05, -3.83883299530652e-05, 
7.7490666287261e-05, -3.8345641224069e-05, 7.64818356007169e-05, 
0.000208109778657928, 9.6264766611398e-06, -2.90881354363393e-05, 
-5.77912196035868e-05, -9.53420634886015e-06, -3.72150721084097e-05, 
-4.38380871639055e-05, 3.81477972872801e-05, -0.00024680292911583, 
5.51920276876672e-05, -0.000261946457701612, 0, -0.000367214458963261, 
-1.87784023335524e-05, -8.92583903482347e-05, 1.2340346764006e-05, 
1.28477731582421e-05, 7.706095679616e-05, -9.64620920811399e-05, 
1.89332979925183e-05, -3.10352746950571e-05, -6.43287456441044e-05, 
5.16887690107382e-05, -4.69327125784957e-05, -0.000528955637964401, 
9.65923817553005e-06, -9.6600779553313e-06, -0.000172452336517637, 
-6.48109141643261e-06, 0.000108259913051967, -8.60748437236936e-05, 
0.000354437254745932, -0.000162719671914502, 4.04082476386236e-05, 
-9.22305318695749e-05, -0.00013770818376635, -3.18203296778563e-06, 
-0.000120979809253186, -7.38491967631205e-05, 8.08421815552407e-05, 
-9.07129389684513e-05, -5.55037701897021e-05, 9.69703239235287e-05, 
6.08292954069611e-05, -1.57813089334269e-05, 2.17044504982056e-05, 
7.33672205157632e-05, -3.2399839948738e-06, -0.00017457536204013, 
-0.000144889972419904, 3.24575738908095e-06, 3.20371631090666e-06, 
8.73637974674324e-05, -0.000137457044889544, 0.000236631897804429, 
-9.58285226602129e-05, -0.00022849952599735, -3.25178401006099e-06, 
-1.95135912175459e-05, -1.55105851984416e-05, 0.000190672249523516, 
-0.000319099047507265, -0.000198781223284428, 6.48533665348339e-06, 
0.000182979386439186, -0.000143334241361259, 0.000121945740716001, 
-6.17002110203657e-06, -0.000170880372870386, -0.000104554952434555, 
-0.000769036505996468, 2.22849384066137e-05, -4.77713852671258e-05, 
0.000112633047907096, -0.000123429742405534, 1.23974114210057e-05, 
-6.78563062184168e-05, 2.22178139264173e-05, -0.000136856408513353, 
0.00241689725305427, -7.78497888713758e-05, 8.00970135461654e-05, 
0.00021889304586864, 2.18845402919499e-05, 0.0001605832386673, 
7.06201087847802e-05, -7.18423342203067e-05, -5.69852883138822e-05, 
-0.000163563335636496, -7.1310643143363e-05, -0.00025194098336101, 
-1.85094351845549e-05, 4.13353873884859e-05, -0.000184629437905315, 
-0.00010919239389473, 8.6886365100014e-05, -2.26247634511623e-05, 
-8.91302479999467e-05, 0.000116450209580066, 2.87732523869266e-05, 
2.87704010126788e-05, -0.000313269551631024, -0.000297357318130409, 
-0.000714081490558627, -3.8227882784625e-05, -1.62442353275338e-05, 
0.00016045028803191, -4.48230928640214e-05, -7.10869846507478e-05, 
-0.000114625588377493, 1.61730385741521e-05, -3.40886024794429e-05, 
3.26563135288893e-06, -6.69419788614789e-05, 0, 0, 0.000497082918432312, 
0.000199830303502679, -0.000693177295971736, 0.000211878010423661, 
8.44778457356199e-05, 0, -0.000243856267191589, 5.50818694922128e-05, 
3.50421700705539e-05, -5.58395791081523e-05, -0.000112367667123081, 
2.53094075084448e-05, -0.000149121117690498, 0, -3.825859623241e-05, 
-0.000350174854398588, -0.000229709160096903, -0.000215360419545618, 
-0.00012284059185852, -0.000264975992140037, 2.26758471466582e-05, 
9.58706896092565e-06, -9.4648121944374e-06, 0.000252176641373225, 
-6.68822824305693e-05, 0.000109934168943226, 1.28225677187288e-05, 
-0.00016098289752442, -6.20659264249923e-06, 0.000424751549985558, 
6.18457875312117e-06, -0.00022461022199316, 3.26530079242104e-06, 
-0.000184716317663813, 3.2475493174644e-06, -0.000149085876982369, 
0.000293959141796307, 7.05913307719186e-05, 0.000104141919495149, 
2.89027086672888e-05, -9.30096810911607e-05, 0, 0.000575522836335551, 
-9.88380157327384e-05, -3.87177956717721e-05, 0.000110997715410122, 
6.80385616895762e-05, 5.88306429385455e-05, 0.000164593382104172, 
-0.000320104484837103, -1.55214187813613e-05, -4.83052116582172e-05, 
2.2668944357207e-05, -4.64903648804693e-05, -0.00122578683434504, 
6.20821097996327e-06, 7.71391853557901e-05, -0.000113598354207767, 
-0.00030777517266678, 9.31836183877266e-05, 0.000210950176212421, 
-9.64589905354529e-05, -9.63742404458401e-06, -6.87197204012335e-05, 
-0.000165638463577977, -0.000171954808152464, 0.000153047559827257, 
5.40716767911675e-05, 7.37975412921088e-05, -9.63737761274785e-05, 
-0.000162683837080735, 1.2806843978197e-05, -0.000141097999208029, 
-6.37482708221171e-06, -8.39214309404923e-05, -3.26530612273501e-05, 
6.04915415500784e-05, -3.49311142588959e-05, -0.00042623660565333, 
-4.80369692610338e-05, -3.82202121258501e-05, 2.59229375902947e-05, 
8.63020201382625e-05, 4.81231181943542e-05, -0.000124137246299227, 
-1.6252472407885e-05, 0.000123824825179142, 2.92778615467171e-05, 
0.00012953200106125, -4.38217581351097e-05, 0, -0.000159608177909831, 
-0.00012631599420132, 0.000149836375770818, 8.76800180922288e-05, 
5.12754775137125e-05, -1.92693697318447e-05, -0.000125238233790625, 
0.00019116255566054)
